-0.0596300734351115    -0.851297433985992
0.438398458335735    0.841724248850041
-0.251804207069105    -1.30744728793171
1.17790692164388    0.0952195708913433
1.66427009988301    -0.133382476901910
-0.337308956003599    -0.407225198007313
0.311862707690034    -0.431724333072457
0.182396732713558    -0.157788333124223
0.0378390295101906    -0.367920724129644
-0.853709951356673    0.0363449796675028
-1.64191242274810    -0.565028275383299
-0.821481309108439    -1.36166562718530
-0.0666502703726364    0.756667745411741
2.25931856568426    -1.30140683361980
0.759098750479421    2.81038357991309
-0.00925105144207478    0.672464995693229
0.862239245550680    -0.576524359942781
-0.742512628202077    0.740723643506810
0.371005938734921    -0.835740815137822
0.677683424862960    -0.284758907693345
-1.48234180628974    0.955162776644004
0.452806831664590    0.608019647737753
1.22196689592397    -0.878318328597688
0.352173262723895    1.60512181080303
1.80729484625293    0.593061432086341
